100
79
199 41 672 122 972 996 852 284 828 986 835 402 339 156 830 622 596 200 513 934 30 993 134 928 831 736 230 885 758 22 806 716 708 171 362 181 374 198 399 154 449 630 438 725 866 343 823 805 63 821 781 628 762 730 250 545 201 975 198 402 422 530 887 951 82 81 433 275 790 762 968 831 69 57 962 506 830 30 555 
82
809 869 155 854 886 378 999 474 58 967 893 265 808 486 188 730 472 767 152 173 263 80 881 674 388 567 87 832 333 51 111 753 398 80 358 539 327 684 973 342 905 364 857 190 826 427 57 240 899 266 190 579 657 602 463 485 745 364 804 799 437 188 431 336 940 517 951 143 267 344 154 729 891 942 733 726 295 993 923 968 41 856 
67
391 841 465 48 24 56 612 707 509 39 699 198 933 98 5 523 433 467 20 330 319 892 20 426 884 772 781 704 909 6 561 875 398 895 754 626 567 11 98 959 475 144 729 192 41 753 33 134 881 223 825 373 745 586 172 486 305 518 667 871 357 509 882 822 472 757 873 
15
732 316 444 310 912 407 684 39 821 650 963 580 911 868 481 
72
393 265 362 58 4 518 448 848 160 125 508 117 63 202 720 729 122 116 441 543 513 338 328 774 365 338 273 172 638 377 277 877 534 194 469 771 616 939 597 259 909 303 174 114 117 999 689 920 742 947 953 383 128 10 977 447 321 763 162 757 863 961 968 653 135 205 832 990 99 363 444 947 
39
811 466 122 245 60 931 242 904 619 345 352 702 431 116 876 99 690 710 858 86 456 601 600 428 573 368 361 23 443 129 632 530 916 995 195 543 929 723 304 
79
86 864 148 67 572 594 440 867 920 332 559 103 84 47 314 386 269 419 695 481 213 968 349 461 68 883 973 407 826 72 729 254 197 394 545 750 897 8 764 703 608 458 751 887 311 89 149 189 306 818 726 207 558 961 219 240 2 907 951 237 255 625 816 2 240 434 564 23 830 865 1000 87 401 725 286 5 909 739 97 
52
611 508 295 736 418 866 255 920 515 963 283 617 905 914 339 979 650 437 763 893 328 956 971 824 227 134 981 437 862 91 4 687 986 585 931 139 96 430 224 709 193 550 280 931 237 216 483 823 97 912 808 321 
46
821 760 925 454 595 105 526 694 631 641 312 149 511 762 724 603 143 733 173 29 957 384 127 373 483 884 59 951 967 520 408 310 993 515 557 892 253 201 314 88 928 461 83 16 761 25 
89
249 543 604 878 239 351 519 302 1000 752 716 267 753 562 684 69 457 838 504 838 478 852 776 294 252 447 109 942 634 179 818 952 481 806 168 439 906 72 800 957 377 277 426 210 447 918 224 435 869 333 898 367 454 69 89 313 160 366 268 863 194 251 805 879 924 486 706 873 614 193 469 865 564 204 343 364 645 202 103 184 969 869 335 274 399 829 412 56 879 
85
188 97 988 96 654 503 635 399 24 480 287 496 273 96 997 620 170 911 90 726 556 290 857 581 645 522 138 870 5 855 436 275 558 564 204 420 229 16 346 757 107 11 75 696 324 729 259 154 542 714 380 321 897 519 410 890 404 117 457 213 107 961 153 504 56 843 492 535 125 771 59 406 725 128 84 173 925 547 563 994 517 328 405 854 62 
60
552 60 887 522 510 710 408 688 398 170 301 523 533 574 771 590 313 657 260 539 201 565 411 990 655 967 40 39 531 4 780 118 703 51 380 129 511 211 333 380 943 524 835 762 563 75 612 238 149 123 535 38 289 834 831 771 748 876 623 185 
61
659 647 388 318 282 562 825 345 60 845 806 535 377 154 628 834 141 585 86 17 159 126 711 390 322 809 219 461 238 812 28 638 496 257 697 353 856 738 365 553 500 191 938 39 424 748 862 149 69 291 338 678 136 21 750 866 728 63 585 415 603 
29
71 609 841 350 247 211 796 361 894 890 159 880 25 491 199 266 700 351 698 239 249 952 233 475 747 173 816 959 449 
40
4 387 826 794 272 359 339 87 473 539 191 648 417 127 886 47 794 207 420 735 721 638 19 91 61 151 546 730 5 610 846 81 827 76 986 964 669 231 886 470 
64
925 238 819 981 959 768 627 550 997 664 421 435 955 920 240 864 431 183 949 592 845 408 349 133 232 524 6 82 769 106 714 748 111 77 177 921 134 411 338 280 165 707 981 668 161 620 179 887 3 170 19 9 342 867 674 120 333 54 505 500 382 465 155 602 
27
766 303 68 15 519 272 523 363 324 845 930 743 700 114 844 940 734 713 651 794 144 285 928 897 979 83 966 
68
88 740 651 457 154 38 535 985 672 135 329 413 462 265 915 869 430 930 665 74 269 447 166 307 986 994 317 754 390 119 784 850 181 354 375 471 598 615 792 336 527 455 130 190 273 511 924 153 99 959 151 548 94 943 684 622 925 90 47 358 20 693 532 585 886 43 822 652 
5
962 875 431 435 566 
55
322 134 421 738 423 9 763 777 110 726 931 90 215 478 396 731 209 346 91 714 662 810 129 47 105 426 404 307 748 520 819 988 735 569 356 92 747 317 739 575 895 453 905 597 834 180 25 184 299 348 12 797 303 189 109 
6
814 220 202 162 53 427 
58
468 337 127 724 956 262 57 207 890 677 341 90 684 776 275 28 222 655 214 856 154 614 769 426 32 984 125 398 218 93 362 189 802 872 154 389 796 562 274 68 516 869 89 192 585 234 163 731 679 696 642 268 848 160 167 784 199 441 
90
620 175 6 259 116 839 239 342 916 434 550 764 733 79 428 535 457 408 625 393 582 881 492 588 24 14 313 27 176 916 966 584 127 437 377 651 245 190 990 843 127 727 196 196 952 687 114 285 422 418 659 722 127 3 405 336 160 111 589 197 624 996 728 826 780 999 433 12 879 109 514 683 727 474 750 832 56 582 373 163 34 547 834 77 117 839 134 926 775 785 
99
293 387 401 377 477 96 719 954 978 828 511 584 700 761 369 217 957 683 89 586 234 263 664 532 450 603 749 371 908 30 683 16 269 962 607 747 639 360 70 824 590 489 718 286 604 863 517 253 276 857 611 5 482 508 790 81 679 920 259 326 870 536 670 645 540 13 301 223 853 6 637 81 209 711 298 684 249 799 826 986 853 159 990 869 97 200 508 697 648 775 246 955 630 559 954 296 350 36 622 
29
280 830 585 306 664 563 797 888 896 531 721 164 260 196 332 49 554 22 258 504 111 99 608 765 48 289 202 587 728 
89
301 851 533 519 590 402 752 18 18 43 607 977 126 24 872 787 105 854 402 30 975 788 648 33 614 163 111 589 176 278 300 796 38 802 454 659 142 46 121 986 264 56 63 942 977 108 1 260 713 622 852 106 549 282 397 508 8 665 684 897 671 697 352 921 61 198 689 868 379 996 752 539 644 101 953 960 900 479 46 445 341 357 618 895 401 598 10 176 321 
89
37 596 972 998 653 738 686 13 341 124 14 816 477 490 521 47 261 771 855 386 267 28 160 355 160 696 194 35 757 469 667 798 996 811 936 620 340 204 139 391 412 941 316 455 489 209 285 863 841 740 191 760 173 563 558 175 366 808 366 52 103 61 159 667 150 596 983 912 750 267 399 886 465 755 273 783 794 37 462 495 577 251 49 28 993 633 782 892 460 
70
882 789 990 145 705 50 678 633 356 512 152 157 377 92 894 762 927 358 238 429 338 609 662 50 607 592 580 246 723 369 721 87 543 836 592 13 679 581 176 208 256 816 344 520 236 879 86 35 49 506 693 427 243 801 208 497 853 541 299 520 757 110 39 718 100 206 967 146 912 430 
49
181 888 564 853 326 251 52 8 490 754 942 970 834 458 614 195 1000 798 526 369 252 349 350 316 507 954 111 696 779 837 683 322 699 170 854 973 468 847 228 197 550 366 458 982 494 752 105 291 322 
49
601 503 169 654 370 509 379 998 642 686 89 1000 148 410 892 292 282 712 63 836 665 34 460 518 387 362 946 562 861 68 431 591 806 33 373 816 365 941 255 341 359 424 316 747 280 715 613 819 677 
81
195 503 197 183 765 591 937 4 150 471 755 9 65 252 343 703 18 974 59 137 338 906 901 273 991 306 268 609 746 910 37 147 312 738 788 224 513 70 525 776 991 804 894 720 403 42 979 889 984 340 244 836 547 192 203 425 226 439 319 441 15 431 746 975 671 801 637 527 630 679 166 955 207 571 30 747 817 162 440 282 274 
69
83 221 57 883 134 809 453 423 627 505 515 982 368 764 947 852 55 30 793 424 212 973 748 242 902 410 941 92 979 537 152 299 68 21 502 456 488 979 972 684 891 33 573 341 204 920 364 14 105 319 945 958 306 933 609 12 305 288 105 179 731 596 608 689 38 783 761 707 302 
31
423 691 611 311 241 34 238 856 947 594 323 366 510 396 346 273 567 932 836 339 248 762 553 725 712 185 894 520 974 893 611 
16
509 772 592 32 257 909 460 214 295 456 597 925 983 423 438 170 
60
118 488 722 560 169 992 977 782 1000 869 49 279 95 620 489 761 805 676 899 832 705 516 783 359 367 187 749 740 33 680 303 559 700 792 765 86 714 544 366 108 575 360 488 495 660 900 312 526 525 98 112 203 326 674 434 398 277 820 960 254 
84
57 255 581 41 371 499 750 752 106 154 10 977 269 370 2 26 669 997 983 553 241 41 35 186 556 607 747 573 939 331 852 117 871 222 689 887 126 797 276 417 449 718 642 819 465 572 338 400 530 237 997 251 687 780 561 581 234 205 61 40 371 261 223 588 392 27 963 636 602 23 177 946 547 890 613 936 532 817 30 710 58 559 952 276 
60
645 566 167 8 669 637 927 914 961 812 882 422 490 55 219 154 59 361 410 770 643 327 679 621 370 650 297 398 180 673 533 188 987 290 122 567 164 337 267 523 691 80 62 386 772 464 797 649 620 325 815 447 686 985 425 315 454 253 936 645 
74
408 979 971 93 802 875 314 924 914 489 102 167 44 335 979 797 859 654 448 904 358 324 722 866 537 198 112 385 74 13 427 253 916 402 427 4 432 337 972 647 900 559 889 906 83 977 29 520 817 995 85 537 243 153 13 659 771 512 438 275 407 185 890 674 381 345 517 206 925 69 785 778 161 721 
28
15 244 992 26 631 515 609 55 551 952 198 437 114 568 756 890 251 980 915 715 714 603 730 889 84 429 112 716 
83
753 700 54 209 124 643 843 511 681 736 905 463 113 376 799 829 624 317 877 386 21 712 506 28 497 695 980 323 883 492 91 193 445 855 174 985 740 500 376 98 12 819 778 564 736 816 558 1000 780 643 499 221 528 111 545 313 813 656 407 214 245 240 862 807 630 793 876 715 492 80 353 176 618 908 354 100 985 571 206 819 688 129 657 
68
890 498 254 732 999 731 72 639 310 935 136 588 781 835 56 708 608 814 950 991 521 542 995 55 209 453 140 81 970 859 850 762 878 39 295 250 615 305 813 262 590 244 934 460 603 628 843 999 474 123 612 67 71 946 80 457 403 288 243 673 305 565 840 966 656 191 540 67 
17
423 923 462 129 318 705 622 852 426 209 13 349 283 686 343 438 710 
100
282 920 205 944 838 358 628 378 293 231 984 121 415 324 911 149 394 58 667 360 57 119 386 685 805 728 673 186 406 423 177 348 787 650 451 335 301 633 511 136 466 622 368 80 671 165 18 75 529 114 206 132 398 706 157 948 841 175 683 23 610 107 90 848 723 866 734 713 980 255 926 750 863 729 697 355 328 557 872 324 39 442 970 74 67 340 621 484 201 109 329 184 124 491 382 796 340 247 955 218 
69
130 542 550 604 473 656 463 149 741 207 915 290 582 283 66 158 95 83 689 82 331 22 820 110 810 623 300 264 847 805 261 459 149 352 975 611 722 774 433 112 423 355 435 409 181 251 225 908 1 42 716 143 237 97 158 980 241 95 783 568 812 687 399 451 838 762 886 538 676 
73
140 718 728 58 624 386 124 997 110 283 60 277 87 477 139 711 104 125 161 71 148 815 936 755 945 169 345 897 110 661 936 538 668 517 92 997 891 377 322 257 30 523 972 912 423 40 75 62 305 1 485 317 894 913 366 271 846 299 268 686 686 614 670 201 681 104 754 907 14 860 539 43 281 
16
625 396 824 26 353 652 805 133 217 168 710 651 999 752 890 753 
63
279 90 602 179 978 8 728 419 786 436 89 674 545 794 909 228 157 172 667 476 159 108 279 313 107 81 576 199 290 495 401 203 320 3 240 626 771 911 790 766 630 390 616 609 388 714 171 256 938 895 830 783 658 774 65 930 923 784 595 653 983 890 986 
35
378 600 20 113 186 996 430 875 731 157 702 811 776 681 440 774 912 296 135 667 974 835 12 616 547 894 26 108 133 634 111 540 213 288 972 
76
729 983 572 433 26 545 99 632 563 435 253 498 81 486 437 258 810 250 619 408 735 957 978 287 952 329 448 342 534 234 575 635 651 601 409 694 482 179 211 119 576 354 924 216 21 249 623 544 303 38 311 228 254 903 808 283 527 20 102 261 22 47 427 445 27 326 290 492 226 425 45 928 618 105 144 613 
59
918 870 193 974 377 740 291 604 133 201 163 602 928 113 758 125 549 791 817 725 276 977 705 558 180 735 22 976 55 312 464 177 808 756 681 951 438 61 89 567 665 483 516 115 946 548 896 705 494 814 449 446 262 311 730 515 826 907 315 
36
601 753 666 957 209 964 713 969 119 813 423 444 218 833 995 377 471 162 573 309 282 735 459 437 373 445 820 345 389 832 278 358 298 338 793 216 
73
611 193 287 213 219 950 743 875 858 330 44 501 370 959 461 495 51 903 398 264 553 815 939 667 961 479 788 724 272 131 290 834 405 271 331 211 575 329 987 832 556 412 735 671 608 588 938 345 971 340 664 14 101 105 21 895 87 456 505 950 799 948 917 797 464 264 847 913 233 730 40 954 311 
55
699 956 270 623 204 387 106 145 218 310 863 99 513 749 735 1 5 98 705 380 491 4 556 788 270 363 452 939 129 932 725 710 76 406 505 437 368 791 245 488 550 171 128 896 976 48 450 735 305 248 595 841 237 492 812 
31
128 721 898 206 668 630 52 649 594 264 640 792 323 584 871 33 227 218 289 559 387 884 572 829 443 898 861 770 278 965 613 
73
473 373 462 874 614 55 867 619 376 986 203 218 757 659 133 875 538 494 750 763 279 140 682 48 714 581 402 506 601 735 312 354 500 417 640 955 147 760 843 837 502 871 79 783 648 402 95 799 18 868 718 607 772 815 742 868 286 934 907 753 445 334 849 538 8 744 326 346 890 958 269 459 220 
6
892 145 630 624 500 229 
90
398 88 695 985 973 412 113 163 972 905 175 84 341 251 542 73 425 519 529 548 361 18 190 201 569 649 506 104 354 860 661 790 403 376 789 511 978 345 645 818 632 926 943 319 147 136 845 489 261 855 925 742 166 10 72 397 333 921 267 76 483 147 73 651 131 722 48 78 85 66 430 369 379 1 764 11 285 334 730 805 278 218 949 6 720 253 522 857 670 343 
43
773 195 118 295 446 312 159 738 775 902 689 697 851 997 614 790 435 376 474 634 14 367 883 706 488 58 539 514 357 936 998 509 170 205 217 741 748 364 410 494 281 82 844 
35
783 672 720 213 296 428 543 343 975 957 299 592 645 966 424 598 842 493 798 376 152 530 467 379 785 268 620 395 995 141 714 963 891 112 421 
93
803 692 805 573 890 1 986 973 791 304 57 636 34 854 273 68 922 995 554 254 417 207 807 577 320 578 251 268 838 661 695 976 623 698 374 259 427 460 14 700 206 313 134 169 834 676 273 98 374 572 875 52 308 54 944 706 45 367 475 348 926 426 338 252 865 463 547 561 892 87 964 215 440 953 543 424 497 300 47 289 450 172 72 474 480 525 226 372 113 378 442 545 632 
3
180 573 2 
36
998 613 281 823 836 482 175 141 764 805 988 302 670 713 207 390 843 283 724 601 89 729 212 510 332 78 830 917 995 950 95 413 954 785 95 875 
30
133 236 217 321 484 576 60 892 892 916 598 480 447 865 166 363 983 539 688 757 747 964 809 174 947 888 131 204 962 398 
64
584 107 984 321 21 457 1 325 64 51 293 659 436 286 151 355 529 125 588 310 575 319 165 780 880 538 205 888 832 563 723 993 764 179 431 897 768 813 481 238 330 177 419 89 492 436 522 998 749 176 996 523 83 683 106 543 274 36 527 347 596 209 786 777 
16
43 610 361 500 465 913 602 307 456 508 866 755 502 742 639 953 
50
502 86 724 873 576 175 831 857 486 465 45 885 146 779 146 301 490 243 479 481 786 287 582 410 989 583 781 191 47 853 247 683 321 424 506 280 757 777 39 350 355 104 366 738 966 730 246 819 907 178 
63
500 621 876 337 422 284 780 598 516 442 622 597 169 744 436 282 805 851 379 160 898 946 347 587 753 308 191 318 297 702 110 810 680 651 969 503 125 781 18 546 802 970 501 600 122 777 349 54 970 783 573 901 511 764 374 611 934 654 837 885 878 204 329 
96
85 398 835 613 838 889 868 968 687 528 787 61 632 240 15 198 377 252 231 332 310 886 637 531 239 132 901 568 122 21 439 62 669 28 826 27 905 956 831 638 438 690 825 153 511 100 912 517 292 287 372 516 701 92 292 714 276 570 6 184 412 984 311 605 33 284 392 184 599 789 13 703 343 81 170 638 141 63 612 808 543 774 247 927 870 359 677 280 49 326 216 730 806 185 866 856 
8
506 91 865 144 222 967 566 12 
79
468 838 419 929 473 443 34 243 459 273 856 983 147 127 618 664 905 115 79 789 471 497 958 202 898 738 325 572 726 394 186 16 205 567 970 668 743 957 696 178 779 776 717 677 928 168 490 432 654 548 3 898 153 312 186 954 756 850 153 98 203 63 494 879 912 564 771 525 423 281 513 590 418 942 372 289 552 243 657 
10
914 498 985 774 401 369 975 907 924 193 
88
23 474 570 225 167 330 377 218 945 12 43 539 773 676 164 597 17 664 584 708 486 511 546 860 239 338 292 588 847 364 586 774 867 861 162 476 404 259 461 368 645 350 255 388 762 308 791 635 977 899 62 265 192 525 728 293 114 676 110 442 440 105 279 356 250 308 859 894 685 917 611 975 237 983 307 223 978 882 147 160 217 339 43 66 712 87 784 991 
20
419 669 310 83 740 140 241 811 68 314 783 537 984 868 981 443 497 82 350 908 
34
129 512 41 486 889 735 669 431 267 687 105 300 77 226 543 217 698 882 554 291 334 589 76 807 414 498 168 932 430 917 594 722 214 297 
84
123 158 475 565 206 205 349 860 886 505 678 934 129 51 391 837 18 299 573 960 223 692 625 868 861 229 691 58 260 642 639 422 852 175 699 137 768 709 185 718 638 478 21 290 138 274 596 112 397 358 6 154 553 859 499 572 53 145 885 536 931 617 222 313 370 986 305 888 488 615 966 713 464 433 335 970 714 245 491 914 574 814 920 577 
12
406 944 978 937 186 414 915 642 139 499 873 83 
19
778 954 6 173 25 502 650 451 891 658 824 10 886 733 558 994 488 252 817 
63
848 929 315 418 824 905 815 434 962 370 846 521 532 929 703 664 590 330 976 543 965 31 998 699 251 458 817 677 234 921 437 821 817 883 932 109 486 120 171 540 502 93 580 213 863 30 70 744 781 603 529 601 94 138 621 624 872 303 737 348 539 885 591 
77
379 17 307 374 325 356 259 642 351 311 311 650 639 952 521 755 500 20 613 767 908 817 424 532 432 532 981 436 528 69 740 139 780 869 43 280 436 955 593 173 893 138 396 59 483 186 73 159 917 464 409 200 846 260 207 344 612 745 733 338 479 93 739 287 624 905 302 642 838 740 547 483 476 464 570 910 822 
27
18 946 453 186 484 160 923 900 198 707 788 668 717 588 264 438 36 628 80 707 107 556 221 547 901 936 48 
34
20 319 221 495 950 814 668 875 455 565 468 37 27 288 653 340 414 413 428 324 49 758 39 577 926 92 52 616 328 432 231 1000 435 306 
18
975 370 364 838 844 278 96 648 79 768 202 16 528 795 610 249 734 436 
40
239 273 947 565 526 914 735 721 818 221 206 310 747 890 971 157 944 886 973 583 882 955 153 782 955 485 260 227 830 194 106 43 907 598 861 913 392 575 756 695 
100
828 895 553 190 268 543 305 563 966 621 742 342 252 897 783 606 487 211 128 258 121 291 136 414 477 678 178 663 439 136 259 17 521 326 740 630 441 480 583 162 963 20 267 889 671 364 245 486 743 682 48 251 49 297 685 781 573 146 752 228 941 879 179 642 163 819 323 349 946 883 397 122 359 492 664 145 778 733 417 834 746 839 159 448 812 74 584 627 455 737 491 831 289 853 720 141 870 813 510 816 
27
553 145 268 109 805 788 575 380 243 615 300 519 237 285 712 429 908 241 378 727 235 82 723 535 728 396 143 
55
224 630 489 335 574 902 426 831 797 285 108 236 416 702 212 321 982 955 531 496 706 655 287 458 154 100 975 198 144 526 755 859 816 765 249 341 235 985 768 663 443 330 342 70 663 458 632 71 540 766 294 664 971 16 482 
64
865 132 409 422 934 464 28 780 356 308 480 946 521 321 174 980 473 880 723 695 330 951 219 597 458 830 318 737 527 79 656 442 829 501 345 599 667 937 898 735 101 251 206 74 625 799 678 348 482 767 582 257 586 450 133 226 255 976 503 346 178 913 766 435 
18
229 797 701 367 137 338 380 802 997 280 455 273 223 796 510 482 88 686 
51
153 400 461 837 557 948 751 466 553 251 5 579 696 878 262 173 132 35 116 864 490 123 390 432 22 470 210 863 290 419 295 221 195 819 442 177 727 864 840 83 287 539 364 473 786 104 545 298 867 658 108 
16
121 65 915 813 818 971 436 105 288 323 430 136 551 162 824 117 
26
733 865 13 756 473 7 767 774 81 556 895 268 472 313 864 139 851 126 356 967 543 507 962 409 99 853 
47
360 229 103 455 586 448 147 72 21 904 732 865 570 315 793 471 74 960 992 597 775 814 648 41 324 292 953 421 492 777 518 502 414 436 391 546 256 75 756 106 114 799 173 284 697 297 345 
87
548 559 574 579 782 878 486 348 90 630 95 734 416 930 545 357 742 788 740 481 737 688 801 875 786 764 607 626 820 486 407 748 848 458 148 28 293 198 851 92 848 605 309 733 971 999 300 437 423 236 836 68 860 141 856 589 741 450 818 132 994 232 927 551 736 992 513 979 554 288 701 341 559 172 588 430 834 863 83 173 514 470 109 343 279 408 335 
87
906 803 689 702 689 42 773 259 354 300 683 718 129 268 172 963 820 72 128 561 159 555 990 153 817 935 591 779 79 378 328 32 264 707 323 785 88 839 201 295 722 554 284 640 105 535 155 482 404 58 704 858 701 927 30 869 7 100 166 602 993 259 141 639 759 735 276 940 172 361 295 447 401 622 91 650 999 765 255 567 729 246 576 141 55 300 181 
20
21 155 496 735 939 514 49 350 930 304 44 8 737 772 457 225 521 447 495 69 
39
993 417 61 692 879 937 711 44 373 321 843 156 111 912 789 355 616 823 231 633 828 956 128 376 314 637 147 476 564 788 734 820 179 531 821 658 764 174 832 
15
94 174 56 11 989 988 642 479 543 963 780 641 148 995 890 
48
501 838 908 375 541 414 285 670 527 633 664 811 543 611 256 349 692 949 507 89 465 829 589 304 476 584 48 398 726 399 883 660 999 651 193 16 713 379 396 939 88 263 99 855 272 922 192 846 
85
115 520 549 722 924 768 151 916 990 136 865 634 680 112 39 45 526 533 274 579 362 347 102 323 830 759 520 800 650 936 625 358 858 436 781 909 374 962 349 644 355 107 254 403 274 445 461 70 276 344 246 301 559 854 386 304 457 298 40 980 240 286 454 771 167 411 844 554 21 33 448 46 512 547 149 536 670 777 253 979 160 745 386 202 598 
54
434 704 897 883 310 718 453 170 944 863 643 376 989 453 315 313 253 403 420 554 268 835 163 932 396 782 311 713 245 394 65 943 795 956 930 850 296 218 376 119 300 18 235 443 472 448 141 332 373 563 430 794 142 681 
