50
98
65 62
48 56
94 68
97 2
88 78
77 75
86 52
97 20
56 27
25 53
34 4
93 83
58 38
11 49
70 66
20 19
17 40
87 35
52 62
99 44
44 58
36 26
39 4
13 5
6 7
41 45
94 96
28 77
89 55
32 83
88 47
61 39
15 34
68 31
21 88
37 7
1 85
26 33
47 80
7 92
37 100
84 83
87 65
68 99
88 52
69 36
15 62
44 10
61 73
44 79
24 19
88 94
85 41
6 16
27 88
56 68
62 35
20 93
57 84
15 49
42 50
58 31
44 64
88 77
24 49
7 77
6 99
3 54
25 98
3 40
92 86
20 100
77 43
61 51
5 99
46 61
77 99
89 73
3 32
87 22
52 61
95 56
98 40
23 34
79 86
48 23
41 58
16 22
20 78
96 3
89 86
62 77
6 68
67 89
42 25
99 53
63 6
41 85
62
42 43
78 2
26 92
72 8
61 65
28 67
83 62
70 55
81 68
89 65
55 87
63 69
54 3
67 49
21 61
40 29
50 69
60 26
69 96
9 95
9 59
71 12
76 95
13 82
95 64
96 30
43 30
45 63
98 89
29 37
10 1
59 67
98 31
83 45
44 10
11 17
83 99
92 86
51 48
4 73
72 30
24 50
23 97
6 45
10 28
60 19
22 56
35 58
72 66
3 50
73 47
58 75
4 93
18 23
63 23
68 39
82 67
74 80
26 53
63 54
9 92
87 94
42
1 62
10 30
2 34
41 43
28 32
79 90
70 43
54 92
41 67
38 75
5 43
73 84
63 3
11 61
6 34
21 56
53 54
82 35
82 19
38 45
11 39
25 11
82 19
77 31
46 56
100 35
59 17
100 57
61 20
35 41
89 1
33 16
71 21
56 37
94 27
30 90
69 65
23 54
95 16
2 38
49 11
94 27
60
22 83
71 94
6 25
7 39
70 99
45 44
61 1
20 13
60 87
16 94
39 22
96 95
4 97
24 76
21 20
35 38
23 53
99 20
74 3
31 94
36 32
78 96
47 48
5 76
96 10
88 69
59 69
6 47
27 47
72 14
60 75
7 5
8 10
30 99
37 55
32 36
78 65
25 18
80 86
94 81
58 93
13 23
3 22
57 82
56 75
37 16
86 30
38 69
71 83
92 55
12 71
95 94
32 51
33 37
36 44
41 99
51 9
57 73
94 84
12 100
59
84 42
94 66
56 95
14 96
3 91
35 91
47 14
80 87
37 98
42 7
49 77
42 94
96 11
66 47
2 24
85 97
23 69
94 38
86 49
50 49
25 2
70 77
91 37
85 75
30 21
24 2
21 47
2 22
78 10
57 29
32 68
28 63
19 6
58 77
28 79
19 52
13 92
43 62
38 22
91 26
52 21
39 27
75 30
22 92
99 76
11 3
29 35
44 11
3 40
84 16
6 5
23 35
37 39
82 45
22 84
42 49
80 49
29 48
50 91
73
15 85
15 15
82 86
21 48
40 51
87 7
48 82
70 93
13 25
47 2
19 8
4 89
98 55
32 14
60 14
17 79
15 25
39 14
39 48
35 59
2 85
79 48
83 66
67 84
98 86
95 30
17 83
13 50
44 88
8 96
40 68
62 50
88 56
27 78
50 18
33 33
41 52
13 84
73 60
40 27
40 20
96 26
20 90
11 50
12 34
95 10
30 32
94 66
15 50
61 41
65 81
26 100
16 67
20 35
15 46
26 56
13 30
70 68
32 53
16 68
75 63
14 43
99 6
86 33
30 76
6 28
84 72
43 56
35 46
39 54
55 100
9 84
59 42
71
100 16
14 52
44 2
30 1
8 77
98 93
86 61
64 97
31 68
3 65
71 34
70 29
29 54
50 68
45 18
44 36
38 1
76 5
5 1
21 53
48 50
56 91
86 80
50 96
98 32
17 60
36 11
16 88
25 48
24 85
90 21
5 75
43 9
23 1
60 39
27 10
57 90
71 25
67 68
25 32
59 70
23 45
59 70
76 30
10 5
31 12
60 27
74 83
12 85
4 66
43 58
44 29
18 62
24 54
92 18
10 65
87 89
66 87
73 62
97 42
48 76
35 42
10 49
91 4
24 88
8 28
95 99
39 21
58 41
11 91
6 94
100
34 49
44 18
2 67
70 17
23 85
17 20
100 6
17 61
71 10
23 91
74 48
7 73
15 79
91 11
22 65
20 5
48 6
23 100
78 43
70 40
73 76
22 45
86 1
80 63
48 81
5 33
54 55
38 74
72 96
1 77
83 37
54 54
84 57
5 64
1 61
75 51
72 100
25 48
34 8
56 84
58 30
78 16
3 20
99 85
61 65
26 58
20 20
49 98
13 98
49 28
35 69
95 58
95 1
9 6
55 30
8 20
79 40
6 70
74 54
64 96
22 15
27 99
85 54
33 71
88 68
82 8
13 48
59 55
91 24
12 91
24 85
90 23
86 89
65 2
94 46
12 12
60 61
73 63
88 5
35 66
65 16
87 21
85 1
96 100
96 79
99 82
5 92
58 21
11 24
89 9
91 82
17 69
22 29
13 84
15 71
82 87
76 10
52 8
2 71
38 37
97
38 61
83 64
7 42
74 69
74 58
49 79
72 40
87 4
22 37
31 14
43 11
75 85
6 35
50 81
76 58
49 63
42 4
60 50
1 40
85 27
71 13
60 92
4 37
53 18
62 28
85 54
17 77
78 43
41 38
2 39
54 72
90 35
53 37
10 12
53 74
74 1
70 5
9 9
79 9
70 64
66 37
8 76
41 16
87 90
99 30
5 82
2 55
84 38
37 8
98 34
68 79
47 17
79 51
97 66
22 99
63 69
54 92
26 23
95 67
12 60
6 87
36 66
54 13
91 62
3 71
55 25
52 11
72 93
22 38
78 52
4 33
18 20
62 19
43 44
34 30
89 58
10 61
89 53
75 14
85 76
75 68
58 67
82 85
13 84
61 96
72 75
26 35
34 26
94 41
68 26
63 67
67 86
16 89
84 60
50 44
64 33
79 38
83
5 21
90 88
73 89
74 66
90 58
64 62
81 12
23 11
40 19
65 25
88 90
57 22
77 89
2 28
15 71
48 95
54 78
64 54
71 14
39 27
51 53
36 18
60 6
92 77
28 42
93 87
30 53
23 59
1 92
74 52
50 16
89 23
19 56
94 97
14 67
82 77
23 67
61 55
28 52
6 43
87 39
20 20
60 1
96 84
8 37
61 55
61 37
24 93
84 24
99 10
62 77
94 5
78 24
55 21
71 83
39 58
72 1
25 12
64 34
36 85
57 4
92 4
93 84
74 39
84 43
97 65
82 2
8 87
14 17
22 39
37 14
52 2
92 19
61 30
75 60
46 2
48 74
63 66
90 42
14 9
38 28
53 36
25 43
73
59 83
100 59
14 93
71 35
41 84
32 54
25 30
36 29
78 94
37 82
85 85
59 25
89 26
43 70
14 59
93 16
20 18
74 34
88 74
48 30
75 31
43 81
22 16
52 98
69 89
9 57
13 58
87 69
35 75
20 100
86 51
19 99
91 88
83 40
90 68
53 81
49 96
53 13
84 20
30 44
15 60
52 16
12 28
38 17
62 99
67 23
88 74
49 92
88 2
82 3
3 75
30 98
24 20
60 63
3 73
73 46
43 52
41 38
36 51
64 69
72 10
10 95
30 27
60 82
15 20
64 48
64 3
42 69
86 92
34 84
9 27
74 36
32 67
61
30 57
61 11
72 5
15 54
31 97
30 36
29 41
75 14
5 28
24 35
3 59
97 28
52 3
89 75
61 70
70 58
59 1
78 19
67 65
24 5
49 37
43 62
19 30
2 19
69 77
53 87
85 69
66 46
34 56
95 1
6 80
57 73
14 8
5 37
70 6
80 35
91 5
22 86
40 69
51 100
33 100
18 26
18 32
13 35
8 60
47 19
64 73
6 2
42 82
65 30
38 57
85 12
75 67
66 71
46 67
94 42
9 13
98 47
59 69
73 28
34 52
76
90 18
42 15
29 49
43 2
31 91
75 37
8 60
55 18
32 3
64 83
95 90
82 87
96 49
24 28
41 100
92 22
16 96
75 74
91 2
89 74
81 58
17 39
91 67
33 70
8 51
15 57
64 46
99 74
91 78
40 1
75 68
37 79
9 26
36 4
19 54
12 48
7 65
26 13
12 14
48 70
65 23
23 39
67 29
68 59
67 26
94 75
55 64
79 98
50 20
37 42
3 12
32 51
52 88
7 7
34 70
2 100
39 61
49 9
82 40
37 63
27 15
73 39
38 86
11 34
38 93
16 26
41 93
53 6
35 80
25 84
77 26
96 43
67 79
69 61
81 16
51 42
10
79 88
27 97
46 72
42 33
97 3
81 100
61 15
95 55
84 64
84 18
47
21 49
50 67
78 17
19 5
9 38
63 56
56 96
28 81
25 60
54 8
49 94
1 6
84 27
38 83
64 75
25 36
86 89
16 43
97 44
59 23
24 93
35 52
75 76
99 87
18 67
21 1
85 80
5 83
89 37
80 72
91 50
64 82
94 40
22 72
16 82
1 52
56 44
29 14
61 96
43 61
5 59
31 16
44 75
60 20
17 42
54 21
81 21
49
17 11
24 56
80 57
65 63
15 3
10 4
2 67
37 47
34 34
30 56
2 68
11 69
61 53
64 10
49 23
27 86
97 36
91 81
55 5
14 91
31 90
84 88
86 38
80 97
92 50
98 92
2 95
34 67
43 69
34 96
15 97
41 33
49 43
45 31
69 46
85 43
60 36
79 94
32 77
59 5
34 55
34 92
71 68
71 26
41 100
71 5
95 52
53 42
9 71
25
14 70
48 87
29 62
29 51
8 13
79 53
32 81
16 93
87 26
95 77
74 64
60 63
6 36
80 50
11 48
66 44
21 52
84 34
98 86
29 62
97 79
84 78
59 16
48 17
86 1
64
16 38
77 13
76 15
67 31
64 55
44 1
52 51
40 73
61 23
88 60
48 15
55 83
71 37
59 77
94 81
14 75
82 84
2 65
61 72
6 49
92 59
60 60
48 19
27 1
47 91
56 13
49 80
4 93
77 41
24 15
76 32
74 81
37 29
63 27
59 33
21 85
73 5
64 34
96 33
6 66
84 88
11 53
16 21
95 9
68 69
37 38
1 68
82 40
54 89
41 99
2 9
17 26
70 17
97 55
88 30
77 4
77 45
16 64
12 30
59 86
27 25
80 67
10 4
5 37
93
40 8
66 75
47 99
90 96
12 90
70 89
56 15
62 69
70 46
58 9
17 79
18 54
100 62
91 70
11 79
22 52
50 23
35 81
42 59
96 89
62 93
13 18
59 41
43 50
73 9
48 89
20 29
78 15
85 9
14 83
69 25
50 91
17 33
8 6
91 28
56 92
63 15
34 97
25 27
41 9
17 25
65 73
63 16
96 2
90 22
27 22
59 31
96 35
33 75
5 95
51 99
56 75
64 35
84 56
70 15
100 40
19 38
42 15
44 64
87 98
16 7
75 51
54 58
29 89
54 95
84 24
50 44
56 18
96 28
49 10
100 93
90 19
40 12
29 61
15 34
75 37
68 68
99 97
56 61
80 31
89 70
76 39
85 38
37 99
56 95
80 17
68 20
25 51
27 15
2 92
67 71
72 12
7 13
14
68 74
11 30
88 61
58 93
90 25
76 23
31 60
5 14
16 87
63 7
19 38
95 31
87 82
58 46
43
68 5
69 75
3 40
95 26
89 76
67 97
13 97
17 36
67 60
29 33
88 66
32 55
1 12
78 82
35 86
62 72
67 52
67 43
27 20
96 64
18 33
90 58
44 89
28 77
76 87
51 25
76 55
50 64
98 40
66 22
66 44
39 74
27 67
58 100
68 23
91 55
84 78
57 66
77 95
30 55
38 78
55 53
63 40
36
77 94
33 59
3 28
90 96
71 69
25 72
41 3
12 34
52 59
83 63
50 7
53 46
38 82
42 55
18 58
7 11
47 67
30 75
97 39
82 80
25 76
37 2
41 11
60 19
52 33
80 81
57 24
18 66
40 25
14 95
17 8
93 88
80 96
78 48
80 81
89 63
26
48 20
57 13
4 52
13 84
73 93
43 63
98 11
27 24
86 63
56 67
71 61
19 26
33 17
27 61
65 95
56 55
84 91
65 8
73 10
6 90
21 32
91 43
73 81
5 3
75 44
30 46
57
11 94
63 47
65 33
59 88
12 71
78 7
55 73
74 71
26 60
60 99
99 6
81 74
11 83
57 78
77 41
57 43
46 46
76 57
97 67
7 97
43 7
87 15
87 29
31 98
72 7
99 67
93 32
5 29
87 75
73 97
100 2
63 31
11 12
10 53
9 88
17 82
59 24
6 95
71 14
96 73
3 78
12 3
1 97
54 24
94 91
92 30
30 32
66 73
12 21
37 22
97 74
54 65
75 67
69 17
29 29
54 28
79 55
58
24 49
41 17
65 43
44 55
62 90
39 78
54 69
12 23
59 45
31 10
30 48
63 21
50 22
8 65
15 23
63 63
33 49
9 12
25 81
66 78
7 33
16 65
72 25
20 60
4 75
40 74
86 71
6 4
86 90
9 73
6 79
36 19
8 19
8 50
64 70
73 90
18 78
81 19
91 3
37 72
12 69
82 92
18 55
18 81
91 45
60 9
63 36
61 40
78 26
42 50
100 22
50 69
84 34
82 64
92 19
22 18
22 7
53 65
9
87 70
97 14
88 1
83 53
97 13
98 33
61 88
74 65
15 41
44
25 57
9 38
36 55
39 4
53 46
78 29
22 38
54 68
14 35
73 72
39 98
10 76
59 62
24 46
61 34
51 52
55 80
41 3
44 80
4 80
71 43
68 97
39 53
69 16
57 34
47 57
41 10
77 1
29 10
92 80
73 76
3 46
84 48
71 71
97 16
54 99
82 10
62 8
91 40
75 43
53 92
15 24
77 95
38 36
61
33 34
52 27
7 54
31 13
36 77
7 42
3 57
77 70
15 69
13 91
84 15
97 87
52 67
28 66
74 62
36 68
54 51
36 95
28 53
2 17
27 53
64 41
54 89
79 67
9 91
27 43
52 99
75 85
39 81
18 54
99 74
40 62
48 45
49 43
64 20
18 4
61 1
25 54
92 88
90 36
11 29
37 24
4 96
88 69
78 9
100 14
78 53
17 12
5 12
64 35
81 29
50 19
4 20
82 19
97 35
72 21
83 3
64 37
31 96
68 92
97 46
44
98 7
74 27
70 98
91 85
54 97
78 65
91 2
89 35
9 92
26 8
23 58
54 8
92 21
9 99
1 97
79 45
63 72
64 57
15 53
18 89
61 68
27 25
33 71
46 54
46 74
3 48
63 24
95 99
98 20
14 97
6 35
54 87
65 59
67 26
60 91
38 8
31 16
31 50
10 71
81 39
68 89
47 33
82 94
8 35
36
68 44
4 52
43 21
19 82
77 7
69 2
82 33
2 53
21 41
23 91
70 7
60 26
56 66
43 78
77 78
56 87
90 69
41 35
54 19
92 44
87 79
100 23
81 82
4 32
90 63
53 67
29 11
29 70
67 93
15 63
78 50
65 64
98 88
38 59
6 24
9 25
100
36 84
40 90
89 82
68 67
97 11
55 7
68 90
99 45
99 17
31 24
10 74
31 42
47 74
22 82
59 25
86 56
93 49
72 66
6 77
3 94
83 81
18 54
55 80
26 46
24 43
18 26
9 31
84 77
59 43
10 56
83 62
98 23
47 14
42 43
61 28
50 49
36 29
11 47
24 100
81 46
43 47
40 83
86 58
93 49
64 52
74 78
5 76
89 7
6 18
90 99
8 86
72 64
71 99
75 89
90 82
60 54
46 62
10 58
75 90
42 32
74 90
10 27
70 42
94 56
16 48
10 91
2 74
41 12
99 62
96 80
50 63
57 84
32 51
85 12
53 99
31 29
41 18
56 31
54 76
11 86
55 88
28 93
93 91
92 32
54 24
11 83
88 92
59 19
25 37
41 72
45 26
29 19
39 90
86 92
28 7
5 62
44 82
83 75
6 20
81 33
65
17 10
8 39
65 84
46 98
97 33
6 51
31 100
24 63
98 24
28 27
75 50
3 5
85 81
82 59
18 92
48 97
45 13
16 12
3 51
19 13
88 52
95 39
16 44
93 94
74 23
52 78
89 71
43 25
42 26
15 97
82 80
22 23
6 49
26 46
49 48
97 76
73 86
76 82
74 81
21 15
33 82
7 53
46 46
38 73
11 12
4 100
93 34
95 62
99 26
5 11
20 13
76 60
76 72
61 37
33 74
25 32
81 17
72 39
50 20
48 99
75 25
64 71
65 70
44 6
19 47
12
37 80
91 11
82 37
21 58
54 29
61 54
49 50
89 18
18 2
98 22
69 84
68 62
39
70 46
24 58
23 83
25 2
45 76
51 59
36 17
55 2
80 50
32 29
37 12
62 50
35 60
85 66
40 100
44 59
62 74
3 72
92 62
88 84
71 43
86 74
31 84
88 23
82 10
52 19
99 69
98 60
51 1
28 79
28 45
100 4
36 69
72 60
39 83
30 46
88 79
30 94
47 58
22
74 96
30 39
91 83
51 40
79 7
96 51
50 100
40 69
11 37
82 17
34 14
4 54
59 62
83 25
21 13
74 37
74 52
41 22
62 92
36 53
60 44
61 23
100
10 6
79 11
40 47
38 81
94 46
98 55
27 24
53 13
77 11
89 61
95 88
69 96
29 52
53 43
36 36
44 22
76 84
81 28
30 90
39 55
6 28
2 51
85 5
82 7
54 84
46 25
23 75
7 35
49 85
75 65
82 95
37 79
25 63
36 38
76 34
70 61
15 3
7 58
99 93
98 83
66 42
73 28
47 39
30 98
82 98
37 38
93 84
53 73
72 88
99 59
75 77
78 19
63 14
73 25
85 25
95 67
50 48
79 99
97 59
35 89
69 23
42 17
2 50
64 79
73 4
70 82
56 70
25 14
37 2
9 73
25 63
81 84
10 21
53 23
49 70
45 32
51 17
99 83
93 97
61 61
57 86
72 56
67 34
40 53
32 30
87 65
10 56
58 70
77 30
44 68
87 69
80 26
3 54
14 48
71 89
73 77
22 61
6 28
18 36
63 71
64
47 100
34 3
75 87
42 76
58 2
27 38
38 98
28 65
82 42
24 60
77 41
38 89
23 72
19 61
23 63
59 25
45 2
65 74
27 9
52 10
80 83
100 25
27 96
48 80
1 90
78 54
71 99
90 81
82 56
91 74
54 75
83 68
88 1
70 73
66 65
18 10
49 36
96 40
80 9
47 4
43 96
71 30
75 95
2 1
26 7
63 1
27 33
14 72
25 55
47 33
64 12
67 6
71 19
55 72
28 34
85 86
50 80
57 31
88 45
1 9
81 62
82 88
22 7
29 66
34
25 27
11 10
73 22
71 38
42 82
88 12
31 71
62 40
53 45
29 15
15 75
94 69
95 99
27 88
83 36
59 37
81 100
68 70
82 84
32 75
51 92
16 32
40 70
91 5
89 45
83 13
10 49
65 41
8 22
3 66
32 94
37 78
57 30
48 58
35
85 41
4 100
66 92
38 33
60 68
49 77
93 98
32 39
34 44
71 50
2 55
100 81
63 50
27 35
52 32
14 81
91 11
33 27
70 46
40 63
66 31
42 26
79 28
3 100
12 17
92 74
49 29
44 24
30 85
56 21
51 73
90 48
40 85
97 33
46 87
19
2 83
90 99
30 80
47 93
57 71
16 98
55 45
94 99
93 72
88 76
64 17
33 56
21 34
26 94
35 42
69 13
48 43
64 9
8 64
5
86 30
35 35
23 22
73 21
10 54
50
29 65
78 93
11 1
69 68
62 31
32 55
31 48
71 69
92 51
90 42
51 13
39 11
47 32
60 10
89 82
6 63
25 2
92 3
19 83
99 72
99 17
8 74
99 29
8 44
10 12
56 67
23 21
5 1
44 18
82 40
20 10
6 53
93 55
51 91
3 54
55 12
5 74
81 2
45 34
79 16
84 81
59 8
52 72
42 70
18 57
79 15
15 49
13 96
75 68
38 9
61
20 15
54 14
82 41
25 84
38 22
22 97
22 98
32 11
1 18
51 68
92 57
27 2
62 84
45 52
76 53
64 38
42 90
43 6
38 32
46 95
24 35
100 38
80 56
93 59
92 52
88 47
44 1
79 25
78 8
64 28
69 9
22 41
65 39
32 80
42 29
73 96
31 88
71 37
90 100
63 35
74 82
98 82
52 33
79 9
42 95
55 50
78 84
62 90
83 4
2 43
54 74
85 7
64 43
66 42
61 91
8 6
97 32
76 71
30 53
39 12
60 24
91
33 16
92 52
64 69
10 99
66 91
19 23
62 94
20 18
56 1
47 28
64 10
13 50
64 62
83 79
34 78
94 75
62 18
91 73
18 46
59 16
33 7
52 58
6 80
98 41
94 67
94 43
20 73
23 86
54 82
27 38
58 20
32 83
38 81
85 15
70 97
5 39
28 60
16 22
100 5
71 75
84 48
44 68
5 33
37 87
77 29
92 64
31 28
86 20
87 68
55 37
27 42
67 28
28 27
97 3
29 76
61 66
30 63
28 86
21 70
18 86
54 34
67 50
77 89
39 29
40 49
31 21
73 96
91 20
43 94
67 50
3 10
13 16
75 14
80 18
3 96
68 96
75 56
46 47
11 99
27 90
85 68
64 57
49 19
78 79
6 50
92 98
91 9
13 44
25 62
88 82
8 45
37
85 60
99 58
89 42
93 45
2 8
17 20
99 57
4 72
65 84
24 94
4 94
43 52
69 26
68 20
54 55
12 55
64 36
26 16
59 31
65 37
27 74
56 37
92 64
57 86
7 62
90 43
80 58
13 4
8 93
64 36
32 84
95 44
85 74
59 56
76 41
80 15
81 80
25
54 95
68 70
63 57
58 98
59 10
73 7
70 86
79 44
47 100
96 85
85 94
81 21
93 31
16 66
24 21
8 76
38 6
18 48
13 16
69 95
52 33
59 68
72 2
10 19
77 56
94
55 51
16 25
22 59
77 81
35 23
95 61
54 66
21 33
49 48
88 15
62 70
91 23
56 78
28 55
85 94
84 21
42 20
24 61
91 75
51 100
50 5
4 74
96 31
12 13
74 33
16 77
14 33
39 15
29 39
17 87
12 73
58 22
6 31
42 55
63 71
75 47
7 26
46 95
64 69
23 86
78 17
41 27
38 24
94 18
94 68
73 53
72 44
36 32
48 3
6 95
70 40
63 51
69 70
71 70
24 53
75 39
53 15
15 86
8 99
92 27
74 68
20 12
61 54
1 44
34 2
32 35
6 72
82 33
68 98
33 41
74 39
71 89
91 35
87 10
29 56
8 34
13 5
48 58
70 14
82 78
71 26
60 70
34 36
68 46
9 7
22 75
71 69
78 78
9 51
17 71
3 31
9 88
14 60
23 21
7
24 5
43 84
39 88
15 55
48 74
85 28
5 91
71
80 14
65 33
7 33
77 76
57 73
78 25
90 63
3 80
22 8
12 29
48 2
82 22
70 29
57 3
24 92
41 37
59 50
39 58
64 32
29 67
64 29
72 45
33 77
20 35
76 54
9 1
78 55
88 13
66 44
56 83
16 36
78 84
7 9
39 93
87 79
100 86
37 41
52 24
68 69
36 80
79 60
8 75
48 61
95 4
99 1
64 9
74 94
43 79
84 2
12 59
67 97
94 62
68 75
74 98
16 59
15 31
93 84
58 47
68 10
22 50
27 1
52 83
31 99
83 97
32 22
67 19
85 8
7 81
35 47
14 44
29 78
87
68 85
35 22
1 31
83 54
20 21
56 5
45 57
34 20
43 58
61 7
68 19
81 13
88 5
97 63
46 83
83 45
44 94
51 77
75 8
43 98
22 26
35 68
6 64
39 93
4 15
45 45
8 81
96 45
95 87
4 32
46 89
89 37
38 82
86 75
76 52
93 56
99 53
51 80
94 89
85 26
99 86
68 36
26 8
16 32
15 15
73 63
66 87
19 19
80 42
23 61
34 37
21 36
58 43
36 27
49 18
16 12
24 36
75 74
25 94
77 57
92 8
42 67
69 26
33 9
33 92
28 97
19 30
17 72
50 19
97 51
86 100
28 46
53 88
63 64
51 38
46 86
69 45
44 64
96 3
32 57
96 9
32 49
65 89
57 61
10 35
44 31
81 45
